4294967278,350
4294967279,513
4294967278,374
4294967278,68
4294967278,59
4294967278,54
4294967278,52
4294967278,51
4294967278,50
4294967278,45
4294967279,67
4294967279,61
4294967279,59
4294967279,58
4294967279,53
4294967279,50
4294967279,44
4294967279,35
4294967279,234
4294967279,252
4294967279,512
4294967278,347
4294967279,565
4294967279,307
4294967278,208
4294967279,351
4294967279,570
4294967278,204
4294967278,202
4294967278,382
4294967279,267
4294967278,189
4294967278,188
4294967279,188
4294967294,1419
4294967278,187
4294967278,400
4294967279,187
4294967278,181
5016,6
5016,5
5016,4
5016,3
5016,2
5016,1
4294967279,182
4294967294,510
4294967294,511
4294967278,131
4294967278,130
4294967278,128
4294967278,417
4294967278,122
4294967278,121
4294967278,119
4294967278,118
4294967278,117
4294967278,286
4294967278,112
4294967278,111
4294967278,110
4294967278,109
4294967278,107
4294967278,388
4294967278,103
4294967278,100
4294967278,98
4294967278,401
4294967278,89
4294967278,86
4294967278,84
4294967278,83
4294967278,79
4294967278,78
4294967278,69
4294967278,64
4294967278,60
4294967278,341
4294967278,331
4294967278,43
4294967278,42
4294967278,41
4294967278,36
4294967278,421
4294967278,34
4294967278,33
4294967278,31
4294967278,30
4294967278,442
4294967278,28
4294967278,300
4294967278,26
4294967278,21
4294967278,20
4294967278,366
4294967278,16
4294967278,8
4294967278,6
4294967278,5
4294967279,573
4294967279,311
4294967279,321
4294967279,359
4294967279,80
4294967279,78
4294967279,72
4294967279,71
4294967279,70
4294967279,68
4294967279,43
4294967279,41
4294967279,40
4294967279,31
4294967279,29
4294967279,28
4294967279,21
4294967279,19
4294967279,18
4294967279,13
4294967279,12
4294967279,7
4294967278,67
4294967278,429
4294967278,317
4294967279,66
4294967279,552
4294967278,316
4294967279,64
4294967279,522
4294967278,439
4294967279,55
4294967279,329
4294967278,343
4294967294,408
4294967294,397
4294967294,412
4294967294,148
4294967294,178
4294967294,405
4294967294,414
4294967294,413
4294967294,111
4294967294,455
4294967279,571
5013,6
4294967278,159
5013,5
5013,4
5013,3
5013,2
5013,1
4294967279,566
4294967279,150
4294967279,149
4294967278,337
4294967278,330
4294967278,260
4294967279,337
4294967278,314
4294967279,140
4294967279,26
4294967279,305
4294967279,24
4294967279,134
4294967279,133
4294967278,362
4294967279,282
4294967294,393
4294967279,17
4294967279,15
4294967279,315
4294967278,268
4294967278,267
4294967278,313
4294967278,129
4294967278,312
4294967294,1418
4294967279,8
4294967279,530
4294967278,311
4294967279,254
4294967278,127
4294967278,404
4294967279,564
4294967279,260
4294967278,376
4294967278,308
4294967278,125
4294967294,458
4294967294,450
4294967294,390
4294967294,448
4294967294,189
4294967278,391
4294967279,248
5007,6
4294967279,247
5007,5
5007,4
5007,3
5007,2
5007,1
4294967279,518
4294967279,528
4294967279,286
4294967279,540
4294967279,0
4294967278,116
4294967278,340
4294967279,312
4294967278,237
4294967278,236
4294967278,306
4294967279,233
4294967279,231
4294967278,228
4294967279,285
4294967279,366
4294967278,93
4294967278,102
4294967278,101
4294967278,212
4294967278,409
4294967279,352
4294967278,303
5004,6
4294967278,207
5004,5
5004,4
5004,3
5004,2
5004,1
4294967278,91
4294967278,425
4294967279,284
4294967278,315
4294967278,201
4294967278,200
4294967278,263
4294967278,199
4294967279,79
4294967279,332
4294967278,192
4294967278,302
4294967279,532
4294967278,76
4294967279,76
4294967279,189
4294967278,75
5001,5
5001,4
5001,3
5001,2
5001,1
4294967294,1422
4294967279,65
4294967279,242
4294967278,349
4294967279,54
4294967278,62
4294967279,62
4294967278,402
4294967279,172
4294967279,273
4294967279,171
4294967294,1426
4294967279,169
4294967278,168
4999,6
4294967279,168
4999,5
4294967278,167
4999,4
4294967279,167
4999,3
4999,2
4999,1
4294967279,542
4294967279,52
4294967279,343
4294967294,1425
4294967279,555
4294967278,162
4294967278,161
4294967279,49
4294967279,161
4294967279,160
4294967279,159
4294967278,158
4294967279,158
4294967278,157
4294967278,156
4294967279,153
4294967278,153
4294967279,151
4294967279,240
4294967278,299
4294967279,38
4294967278,297
4294967278,440
4294967294,1423
4294967279,144
4996,6
4996,5
4294967279,142
4996,4
4996,3
4996,2
4996,1
4294967279,141
4294967279,27
4294967279,526
4294967279,136
4294967279,517
4294967278,289
4294967279,135
4294967279,322
4294967279,278
4294967278,372
4294967279,270
4294967279,16
4294967279,279
4294967278,274
4294967279,280
4294967279,336
4294967279,277
4294967279,263
4294967278,428
4294967279,262
4294967279,261
4294967279,558
4294967278,346
4294967279,275
4294967278,264
4294967279,257
4294967278,261
4294967278,285
4993,5
4294967279,256
4993,4
4294967278,262
4993,3
4993,2
4993,1
4294967279,255
4294967278,278
4294967279,253
4294967279,222
4294967278,352
4294967278,296
4294967279,334
4294967279,523
4294967278,365
4991,6
4294967294,120
4294967279,539
4294967279,339
4991,5
4294967278,326
4991,4
4294967279,250
4991,3
4991,2
4991,1
4294967278,253
4294967279,249
4294967278,250
4294967278,120
4294967278,408
4294967279,298
4990,5
4294967279,243
4294967278,242
4294967279,241
4990,4
4294967278,240
4990,3
4990,2
4990,1
4294967278,414
4294967279,239
4294967278,238
4294967294,146
4294967294,1015
4294967294,168
4294967294,467
4294967294,110
4294967278,234
4294967294,419
4294967294,1003
4294967294,192
4294967279,236
4294967279,235
4989,6
4294967279,229
4294967278,232
4294967278,295
4294967279,266
4294967278,230
4989,5
4294967278,226
4294967279,225
4989,4
4989,3
4989,2
4989,1
4294967278,384
4294967278,216
4294967279,219
4294967279,320
4294967279,217
4988,6
4294967278,214
4294967278,419
4294967279,296
4294967278,213
4988,5
4294967278,211
4988,4
4294967278,210
4988,3
4988,2
4988,1
4294967278,209
4294967294,509
4294967278,206
4294967279,208
4294967279,358
